01101000
00110100
01110011
01001011
01001011
01101011
01000101
00110111
00100000
00111010
00100000
00100010
01001000
01101001
01110011
01110100
01101111
01110010
01111001
00100000
01110111
01101001
01101100
01101100
00100000
01100010
01100101
00100000
01101011
01101001
01101110
01100100
00100000
01110100
01101111
00100000
01101101
01100101
00101100
00100000
01100110
01101111
01110010
00100000
01001001
00100000
01101001
01101110
01110100
01100101
01101110
01100100
00100000
01110100
01101111
00100000
01110111
01110010
01101001
01110100
01100101
00100000
01101001
01110100
00100010
00100000
01010111
01101001
01101110
01110011
01110100
01101111
01101110
00100000
01000011
01101000
01110101
01110010
01100011
01101000
01101001
01101100
01101100
